float kernel[49] = {0.000049, 0.000600, 0.002688, 0.004432, 0.002688, 0.000600, 0.000049, 0.000600, 0.007307, 0.032747, 0.053991, 0.032747, 0.007307, 0.000600, 0.002688, 0.032747, 0.146763, 0.241971, 0.146763, 0.032747, 0.002688, 0.004432, 0.053991, 0.241971, 0.398942, 0.241971, 0.053991, 0.004432, 0.002688, 0.032747, 0.146763, 0.241971, 0.146763, 0.032747, 0.002688, 0.000600, 0.007307, 0.032747, 0.053991, 0.032747, 0.007307, 0.000600, 0.000049, 0.000600, 0.002688, 0.004432, 0.002688, 0.000600, 0.000049, };
